Simulation: phi2_m1_vr01_k2_2
=============================
Trajectory #22
Input:
-0.30368
-0.37769
-0.11501
-1.0039
0.35867
Output:
10.695
22.26
25.139
34.07
34.608
34.15
33.413
33.115
31.9
32.853
32.99
33.349
34.53
39.849
50.299
57.932
59.995
59.602
58.648
57.344
55.59
53.955
52.294
50.426
48.941
-----------------------------
Simulation: phi2_m1_vr01_k2_2
=============================
Trajectory #22
Input:
-0.30368
-0.37769
-0.11501
-1.0039
0.35867
Output:
10.695
22.26
25.139
34.07
34.608
34.15
33.413
33.115
31.9
32.853
32.99
33.349
34.53
39.849
50.299
57.932
59.995
59.602
58.648
57.344
55.59
53.955
52.294
50.426
48.941
-----------------------------
Trajectory #31
Input:
-0.59322
-0.9196
0.54373
-0.95329
0.032318
Output:
10.211
19.876
22.849
28.74
35.081
35.547
36.31
35.603
35.044
31.432
32.816
33.958
34.602
34.835
36.97
42.658
50.797
56.521
58.287
58.215
57.976
57.176
55.419
53.229
51.321
-----------------------------
Trajectory #47
Input:
-0.56857
0.60154
-0.68256
0.80041
0.97637
Output:
10.272
20.435
23.188
30.714
35.209
35.496
34.926
33.904
31.221
32.344
33.612
35.23
38.83
46.069
54.024
58.438
59.007
57.878
55.85
53.583
50.82
48.474
47.77
48.115
48.827
-----------------------------
Simulation: phi2_m1_vr01_k2_2
=============================
Trajectory #22
Input:
-0.30368
-0.37769
-0.11501
-1.0039
0.35867
Output:
10.695
22.26
25.139
34.07
34.608
34.15
33.413
33.115
31.9
32.853
32.99
33.349
34.53
39.849
50.299
57.932
59.995
59.602
58.648
57.344
55.59
53.955
52.294
50.426
48.941
-----------------------------
Trajectory #26
Input:
-0.24107
-0.81338
-0.72234
-1.1333
-1.8886
Output:
10.714
22.72
25.826
34.708
34.102
33.479
33.159
31.309
31.064
33.632
35.846
38.69
42.63
48.673
55.637
59.616
59.94
59.176
58.474
58.055
57.081
56.075
55.484
55.14
54.963
-----------------------------
Trajectory #31
Input:
-0.59322
-0.9196
0.54373
-0.95329
0.032318
Output:
10.211
19.876
22.849
28.74
35.081
35.547
36.31
35.603
35.044
31.432
32.816
33.958
34.602
34.835
36.97
42.658
50.797
56.521
58.287
58.215
57.976
57.176
55.419
53.229
51.321
-----------------------------
Trajectory #32
Input:
-0.40499
0.68123
-1.3567
0.082734
-0.23935
Output:
10.593
21.669
24.428
33.569
34.868
34.369
33.582
32.874
33.005
34.895
35.946
37.983
41.235
47.281
55.227
59.638
60.018
59.282
58.578
57.652
56.066
53.959
52.356
51.398
50.986
-----------------------------
Trajectory #42
Input:
0.00097946
-0.60936
-0.96807
-1.7043
-2.7611
Output:
10.433
25.826
34.065
34.737
32.476
33.373
31.961
32.43
36.288
39.683
42.55
48.519
55.89
59.532
59.926
59.094
57.627
55.876
55.007
55.198
55.55
55.569
55.446
55.304
55.174
-----------------------------
Trajectory #45
Input:
0.036099
0.40298
-1.8113
-0.22503
0.36609
Output:
10.345
26.457
34.866
33.593
31.617
30.788
30.275
30.751
32.112
36.693
47.718
56.641
60.06
59.601
57.519
55.645
53.876
51.799
49.276
47.311
46.826
47.374
48.25
49.157
50
-----------------------------
Trajectory #47
Input:
-0.56857
0.60154
-0.68256
0.80041
0.97637
Output:
10.272
20.435
23.188
30.714
35.209
35.496
34.926
33.904
31.221
32.344
33.612
35.23
38.83
46.069
54.024
58.438
59.007
57.878
55.85
53.583
50.82
48.474
47.77
48.115
48.827
-----------------------------
Simulation: phi2_m1_vr01_k2_2
=============================
Trajectory #3
Input:
1.6299
-2.5037
-0.81694
-3.3979
-2.1304
Output:
4.3052
13.78
14.09
17.293
19.952
23.629
26.645
28.488
30.086
31.655
33.087
34.271
35.207
36.43
38.227
40.95
44.76
48.908
52.805
55.554
56.919
57.456
57.587
57.523
57.353
-----------------------------
Trajectory #9
Input:
3.3758
-0.21295
-1.1296
-1.1045
-0.5248
Output:
4.68
11.089
11.743
13.781
17.002
19.831
22.959
27.194
30.869
33.208
34.627
35.699
36.779
37.941
39.403
41.474
44.306
47.802
51.134
53.094
53.866
54.102
54.13
54.089
54.033
-----------------------------
Trajectory #21
Input:
2.0764
-1.4021
-0.37546
-2.5363
-1.2045
Output:
3.9171
12.326
12.982
16
18.797
21.762
25.723
28.564
30.798
32.614
33.88
34.742
35.4
36.259
37.496
39.415
42.457
46.49
50.85
54.132
55.684
56.165
56.119
55.811
55.387
-----------------------------
Trajectory #22
Input:
-0.30368
-0.37769
-0.11501
-1.0039
0.35867
Output:
10.695
22.26
25.139
34.07
34.608
34.15
33.413
33.115
31.9
32.853
32.99
33.349
34.53
39.849
50.299
57.932
59.995
59.602
58.648
57.344
55.59
53.955
52.294
50.426
48.941
-----------------------------
Trajectory #25
Input:
6.5922
-0.6528
0.4135
-5.633
-0.20794
Output:
8.4246
10.824
11.571
13.159
15.759
18.932
21.375
24.636
28.839
32.119
33.936
34.861
35.458
36.517
38.638
42.726
47.912
52.051
55.512
57.884
58.844
58.889
58.359
57.2
55.462
-----------------------------
Trajectory #26
Input:
-0.24107
-0.81338
-0.72234
-1.1333
-1.8886
Output:
10.714
22.72
25.826
34.708
34.102
33.479
33.159
31.309
31.064
33.632
35.846
38.69
42.63
48.673
55.637
59.616
59.94
59.176
58.474
58.055
57.081
56.075
55.484
55.14
54.963
-----------------------------
Trajectory #31
Input:
-0.59322
-0.9196
0.54373
-0.95329
0.032318
Output:
10.211
19.876
22.849
28.74
35.081
35.547
36.31
35.603
35.044
31.432
32.816
33.958
34.602
34.835
36.97
42.658
50.797
56.521
58.287
58.215
57.976
57.176
55.419
53.229
51.321
-----------------------------
Trajectory #32
Input:
-0.40499
0.68123
-1.3567
0.082734
-0.23935
Output:
10.593
21.669
24.428
33.569
34.868
34.369
33.582
32.874
33.005
34.895
35.946
37.983
41.235
47.281
55.227
59.638
60.018
59.282
58.578
57.652
56.066
53.959
52.356
51.398
50.986
-----------------------------
Trajectory #36
Input:
-0.45156
-0.50244
-1.0922
-0.24484
0.057545
Output:
10.519
21.061
23.754
30.935
35.386
35.396
35.29
35.776
32.582
34.209
37.466
39.641
42.734
45.503
49.664
55.12
59.326
60.436
60.321
59.432
58.097
56.629
54.739
52.645
51.181
-----------------------------
Trajectory #39
Input:
-5.3776
0.64722
0.13837
-2.0137
-1.9891
Output:
8.2103
10.039
11.084
18.224
26.105
35.056
36.454
36.167
36.086
34.984
33.918
39.287
40.961
41.571
42.225
43.085
46.421
53.035
59.117
61.771
61.636
60.763
59.987
59.352
58.858
-----------------------------
Trajectory #42
Input:
0.00097946
-0.60936
-0.96807
-1.7043
-2.7611
Output:
10.433
25.826
34.065
34.737
32.476
33.373
31.961
32.43
36.288
39.683
42.55
48.519
55.89
59.532
59.926
59.094
57.627
55.876
55.007
55.198
55.55
55.569
55.446
55.304
55.174
-----------------------------
Trajectory #44
Input:
-0.032719
-1.6085
-0.41796
0.0017196
-3.2408
Output:
10.506
25.046
31.687
35.863
33.141
33.124
32.414
31.567
32.533
35.291
38.037
42.158
48.697
54.346
57.477
58.247
57.509
55.708
52.739
50.078
48.949
49.746
51.588
53.168
54.281
-----------------------------
Trajectory #45
Input:
0.036099
0.40298
-1.8113
-0.22503
0.36609
Output:
10.345
26.457
34.866
33.593
31.617
30.788
30.275
30.751
32.112
36.693
47.718
56.641
60.06
59.601
57.519
55.645
53.876
51.799
49.276
47.311
46.826
47.374
48.25
49.157
50
-----------------------------
Trajectory #46
Input:
6.0837
1.7412
0.68039
-4.7799
-2.972
Output:
7.9144
10.81
11.553
13.09
14.416
15.973
18.277
20.013
21.548
23.453
26.13
29.083
31.686
33.683
35.611
38.197
42.094
46.984
51.072
53.202
54.78
56.023
57.345
58.308
58.654
-----------------------------
Trajectory #47
Input:
-0.56857
0.60154
-0.68256
0.80041
0.97637
Output:
10.272
20.435
23.188
30.714
35.209
35.496
34.926
33.904
31.221
32.344
33.612
35.23
38.83
46.069
54.024
58.438
59.007
57.878
55.85
53.583
50.82
48.474
47.77
48.115
48.827
-----------------------------
Trajectory #49
Input:
4.9803
-1.5032
0.35435
-1.0711
1.9984
Output:
6.6589
10.67
11.471
13.759
17.372
20.023
24.292
28.307
31.419
33.537
34.719
35.41
35.915
36.598
37.583
39.142
41.739
45.797
50.343
52.624
53.186
53.067
52.727
52.36
52.162
-----------------------------
Simulation: phi2_m1_vr01_k2_2
=============================
Trajectory #2
Input:
6.1327
0.48241
1.9716
-7.6125
0.62053
Output:
7.9655
10.778
11.525
13.087
14.935
17.81
20.278
22.215
24.656
27.392
29.353
30.298
30.593
32.508
34.864
38.341
43.292
48.732
52.911
54.542
55.361
56.47
57.232
56.419
54.467
-----------------------------
Trajectory #3
Input:
1.6299
-2.5037
-0.81694
-3.3979
-2.1304
Output:
4.3052
13.78
14.09
17.293
19.952
23.629
26.645
28.488
30.086
31.655
33.087
34.271
35.207
36.43
38.227
40.95
44.76
48.908
52.805
55.554
56.919
57.456
57.587
57.523
57.353
-----------------------------
Trajectory #8
Input:
-0.38913
-0.52263
-0.43153
-5.7116
-2.3922
Output:
10.614
21.536
24.228
31.984
35.262
35.2
34.736
35.012
32.137
33.614
35.607
37.368
39.872
44.857
52.178
59.373
61.627
61.884
61.918
61.511
60.869
59.747
58.823
58.473
58.192
-----------------------------
Trajectory #9
Input:
3.3758
-0.21295
-1.1296
-1.1045
-0.5248
Output:
4.68
11.089
11.743
13.781
17.002
19.831
22.959
27.194
30.869
33.208
34.627
35.699
36.779
37.941
39.403
41.474
44.306
47.802
51.134
53.094
53.866
54.102
54.13
54.089
54.033
-----------------------------
Trajectory #12
Input:
-1.1515
0.71598
-0.57073
0.33792
0.76857
Output:
8.5872
16.357
20.357
26.274
34.216
35.542
35.807
35.859
35.585
34.058
38.658
41.803
43.093
44.487
45.375
46.704
50.061
54.548
57.355
58.196
58.187
57.097
55.294
53.564
52.377
-----------------------------
Trajectory #13
Input:
6.8915
0.21083
0.50601
-3.5284
0.5693
Output:
8.7041
10.912
11.653
13.138
14.876
17.899
20.357
22.319
24.981
28.729
31.891
33.531
34.426
35.419
36.709
38.755
42.32
47.101
51.221
53.898
55.667
56.184
55.545
54.469
53.523
-----------------------------
Trajectory #14
Input:
-1.0162
-0.14177
-2.4777
-1.1237
1.1152
Output:
8.9574
16.977
20.771
26.378
33.659
36.225
36.421
37.295
36.894
37.54
37.523
41.15
45.374
45.445
44.095
43.536
44.394
47.177
52.251
56.761
57.93
57.489
56.838
55.436
52.249
-----------------------------
Trajectory #15
Input:
3.0251
0.42054
1.943
-11.087
-3.8798
Output:
4.3182
11.254
11.843
13.57
16.485
19.342
22.3
25.523
28.659
30.887
32.116
32.647
32.754
33.98
36.609
41.195
46.693
51.494
54.284
55.957
57.287
58.83
60.183
61.039
61.248
-----------------------------
Trajectory #20
Input:
1.4898
-0.30256
0.51866
-4.5975
-2.7446
Output:
4.549
14.326
13.793
15.608
18.159
20.717
23.927
27.899
31.01
32.814
33.728
34.237
34.588
35.225
36.373
38.555
42.28
46.924
50.677
53.087
55.441
57.201
57.988
58.215
58.171
-----------------------------
Trajectory #21
Input:
-0.32819
-1.4021
-1.2182
-1.1177
-1.2045
Output:
10.678
21.817
24.565
32.044
35.507
35.127
35.313
35.763
33.425
33.86
37.383
39.799
42.026
43.702
46.279
51.339
56.715
59.389
60.393
60.584
60.16
59.371
58.393
56.928
55.357
-----------------------------
Trajectory #22
Input:
-0.30368
-0.37769
-0.11501
-1.0039
0.35867
Output:
10.695
22.26
25.139
34.07
34.608
34.15
33.413
33.115
31.9
32.853
32.99
33.349
34.53
39.849
50.299
57.932
59.995
59.602
58.648
57.344
55.59
53.955
52.294
50.426
48.941
-----------------------------
Trajectory #25
Input:
6.5922
-0.6528
0.4135
-5.633
-0.20794
Output:
8.4246
10.824
11.571
13.159
15.759
18.932
21.375
24.636
28.839
32.119
33.936
34.861
35.458
36.517
38.638
42.726
47.912
52.051
55.512
57.884
58.844
58.889
58.359
57.2
55.462
-----------------------------
Trajectory #26
Input:
-0.24107
-0.81338
-0.72234
-1.1333
-1.8886
Output:
10.714
22.72
25.826
34.708
34.102
33.479
33.159
31.309
31.064
33.632
35.846
38.69
42.63
48.673
55.637
59.616
59.94
59.176
58.474
58.055
57.081
56.075
55.484
55.14
54.963
-----------------------------
Trajectory #29
Input:
-0.53556
-1.1788
-1.2019
-1.5918
0.72051
Output:
10.349
20.251
23.137
29.115
35.172
35.425
36.533
35.856
35.394
32.414
35.878
40.812
42.124
43.459
45.53
49.154
54.3
59.286
61.387
61.416
60.698
59.436
57.791
55.913
53.85
-----------------------------
Trajectory #31
Input:
8.6095
-0.67627
-2.0346
-5.6861
-0.0061415
Output:
10.039
11.338
11.932
13.226
14.893
18.384
20.828
23.649
27.429
31.144
34.285
36.795
39.222
42.581
46.779
50.479
53.356
56.329
58.583
59.529
59.643
59.294
58.563
57.21
55.304
-----------------------------
Trajectory #32
Input:
-0.40499
0.68123
-1.3567
0.082734
-0.23935
Output:
10.593
21.669
24.428
33.569
34.868
34.369
33.582
32.874
33.005
34.895
35.946
37.983
41.235
47.281
55.227
59.638
60.018
59.282
58.578
57.652
56.066
53.959
52.356
51.398
50.986
-----------------------------
Trajectory #33
Input:
-1.14
1.4279
0.79745
-1.9168
-0.3511
Output:
8.6167
16.646
20.579
26.828
35.465
35.108
35.105
35.18
33.483
33.146
34.111
31.338
26.417
21.979
21.965
29.654
43.769
54.074
58.212
59.611
60.02
59.56
57.988
56.381
55.052
-----------------------------
Trajectory #34
Input:
8.6065
1.2031
2.0332
-6.5002
-2.4556
Output:
10.037
11.424
12.013
13.287
14.306
15.832
18.844
20.483
21.604
22.678
24.298
26.404
28.084
30.685
33.461
36.71
41.114
46.317
51.211
53.574
54.59
55.583
56.305
56.995
57.678
-----------------------------
Trajectory #36
Input:
-0.45156
-0.50244
-1.0922
-0.24484
0.057545
Output:
10.519
21.061
23.754
30.935
35.386
35.396
35.29
35.776
32.582
34.209
37.466
39.641
42.734
45.503
49.664
55.12
59.326
60.436
60.321
59.432
58.097
56.629
54.739
52.645
51.181
-----------------------------
Trajectory #39
Input:
-5.3776
0.64722
0.13837
-2.0137
-1.9891
Output:
8.2103
10.039
11.084
18.224
26.105
35.056
36.454
36.167
36.086
34.984
33.918
39.287
40.961
41.571
42.225
43.085
46.421
53.035
59.117
61.771
61.636
60.763
59.987
59.352
58.858
-----------------------------
Trajectory #40
Input:
1.2543
-0.072801
-0.87341
-3.9844
0.14753
Output:
5.1204
15.663
14.737
15.73
18.036
20.374
23.289
27.232
30.536
32.583
33.808
34.674
35.464
36.643
38.544
41.499
45.349
49.013
51.809
54.285
56.025
56.452
55.884
54.794
53.802
-----------------------------
Trajectory #41
Input:
2.5154
0.26769
-0.37486
-6.667
-1.1088
Output:
3.9567
11.619
12.207
14.021
16.986
19.868
22.938
26.669
30.518
32.824
34.022
34.793
35.449
36.799
39.588
43.897
48.585
51.926
54.446
56.66
58.164
58.778
58.713
58.129
56.908
-----------------------------
Trajectory #42
Input:
0.00097946
-0.60936
-0.96807
-1.7043
-2.7611
Output:
10.433
25.826
34.065
34.737
32.476
33.373
31.961
32.43
36.288
39.683
42.55
48.519
55.89
59.532
59.926
59.094
57.627
55.876
55.007
55.198
55.55
55.569
55.446
55.304
55.174
-----------------------------
Trajectory #44
Input:
2.5345
-0.38507
1.3733
-6.1062
-0.78889
Output:
3.9653
11.6
12.301
14.574
17.673
20.531
23.906
28.027
31.247
32.959
33.711
34.044
34.177
34.742
35.879
38.389
42.62
47.71
51.717
53.824
55.92
57.437
57.819
57.318
56.023
-----------------------------
Trajectory #45
Input:
0.036099
0.40298
-1.8113
-0.22503
0.36609
Output:
10.345
26.457
34.866
33.593
31.617
30.788
30.275
30.751
32.112
36.693
47.718
56.641
60.06
59.601
57.519
55.645
53.876
51.799
49.276
47.311
46.826
47.374
48.25
49.157
50
-----------------------------
Trajectory #46
Input:
6.0837
1.7412
0.68039
-4.7799
-2.972
Output:
7.9144
10.81
11.553
13.09
14.416
15.973
18.277
20.013
21.548
23.453
26.13
29.083
31.686
33.683
35.611
38.197
42.094
46.984
51.072
53.202
54.78
56.023
57.345
58.308
58.654
-----------------------------
Trajectory #47
Input:
-0.56857
0.60154
-0.68256
0.80041
0.97637
Output:
10.272
20.435
23.188
30.714
35.209
35.496
34.926
33.904
31.221
32.344
33.612
35.23
38.83
46.069
54.024
58.438
59.007
57.878
55.85
53.583
50.82
48.474
47.77
48.115
48.827
-----------------------------
Trajectory #49
Input:
4.9803
-1.5032
0.35435
-1.0711
1.9984
Output:
6.6589
10.67
11.471
13.759
17.372
20.023
24.292
28.307
31.419
33.537
34.719
35.41
35.915
36.598
37.583
39.142
41.739
45.797
50.343
52.624
53.186
53.067
52.727
52.36
52.162
-----------------------------
